-0.0610259	0.104253	0.00558385	0.55	-0.929	1
-0.0601351	0.167567	-0.0332684	0.85	-0.642	1
0.0824598	0.15818	-0.0643774	0.55	-0.929	1
0.020173	0.197923	-0.0719149	0.85	-0.642	1
-0.0446491	0.119054	0.21259	0.55	-0.929	1
-0.140649	0.218206	-0.0439578	0.85	-0.642	1
-0.182105	-0.0124407	-0.207178	0.55	-0.929	1
-0.130028	0.189289	0.158526	0.55	-0.929	1
-0.204101	0.192784	-0.0149043	0.55	-0.929	1
-0.0425934	0.0437476	-0.275015	0.9	-0.12	1
-0.260083	-0.103849	0.0563587	0.76	-0.538	1
-0.0686319	0.189769	0.202243	0.85	-0.642	1
-0.0143622	0.230128	0.168941	0.55	-0.929	1
-0.114062	-0.138316	0.236436	0.55	-0.929	1
-0.243706	-0.135918	0.110629	0.55	-0.929	1
0.0212694	0.279053	-0.120292	0.85	-0.642	1
-0.164495	0.0451181	-0.25254	0.85	-0.642	1
-0.182927	0.110077	-0.219032	0.55	-0.929	1
-0.298935	-0.0219653	0.0791082	0.85	-0.642	1
-0.208349	-0.158736	0.167297	0.55	-0.929	1
-0.321822	0.0206555	-0.0599236	0.55	-0.929	1
-0.170045	-0.175044	0.221703	0.775	-0.59	1
-0.329154	0.0381972	0.0118878	0.85	-0.642	1
0.204841	-0.264877	0.00942109	0.85	-0.642	1
0.187436	-0.272825	-0.0623218	0.55	-0.929	1
0.0294235	0.0821887	0.331887	0.55	-0.929	1
0.0370295	-0.341416	-0.00592785	0.55	-0.929	1
-0.140443	0.300706	-0.0913068	0.85	-0.642	1
0.277885	-0.207866	0.0342946	0.85	-0.642	1
0.0843099	0.302693	-0.151675	0.55	-0.929	1
-0.049103	0.203199	-0.280908	0.55	-0.929	1
-0.30798	0.000509976	0.170586	0.85	-0.642	1
0.15434	-0.311404	0.0754767	0.85	-0.642	1
-0.0587647	0.330925	-0.128994	0.85	-0.642	1
-0.0273815	0.148176	-0.327572	0.85	-0.642	1
0.316669	-0.172303	-0.0181249	0.55	-0.929	1
-0.284066	-0.0462222	0.223074	0.55	-0.929	1
0.300498	-0.196971	0.125155	0.85	-0.642	1
0.0453892	0.15722	-0.344908	0.55	-0.929	1
0.0771151	-0.375061	0.0483418	0.85	-0.642	1
-0.0921351	0.232732	0.295228	0.85	-0.642	1
0.178871	-0.300166	0.167228	0.85	-0.642	1
-0.368897	0.121178	0.0371725	0.85	-0.642	1
0.25219	-0.24343	0.191896	0.85	-0.642	1
0.0333978	-0.385887	0.108779	0.55	-0.929	1
-0.149283	0.192921	0.324144	0.55	-0.929	1
-0.217599	0.0361416	-0.341687	0.85	-0.642	1
-0.348134	0.0838331	0.19498	0.85	-0.642	1
0.0129782	0.123645	0.392666	0.85	-0.642	1
0.356275	-0.151884	0.144341	0.55	-0.929	1
-0.193137	-0.244526	0.273712	0.85	-0.642	1
-0.146473	-0.36396	0.138791	0.55	-0.929	1
0.0510766	0.252192	0.328941	0.55	-0.929	1
-0.207458	-0.0337512	-0.368068	0.55	-0.929	1
-0.0687004	0.150848	-0.390544	0.55	-0.929	1
0.140704	-0.335798	0.220059	0.55	-0.929	1
-0.390413	0.168801	-0.0155897	0.55	-0.929	1
-0.00990826	0.223413	0.362517	0.85	-0.642	1
-0.381573	0.144133	0.128856	0.85	-0.642	1
-0.0569146	0.395541	-0.165653	0.55	-0.929	1
-0.310036	0.291867	0.0810953	0.55	-0.929	1
-0.22822	0.35292	-0.106382	0.85	-0.642	1
-0.273719	0.338051	-0.0481377	0.55	-0.929	1
-0.0464992	0.0938374	0.428093	0.55	-0.929	1
-0.170936	0.384235	0.135091	0.76	-0.538	1
-0.189505	0.0858889	-0.390818	0.55	-0.929	1
-0.304897	-0.265768	0.182166	0.55	-0.929	1
0.271033	-0.235961	0.263365	0.55	-0.929	1
-0.194233	0.344149	0.206149	0.85	-0.642	1
-0.348751	0.0101031	-0.27803	0.55	-0.929	1
-0.259398	0.32695	-0.169902	0.55	-0.929	1
-0.348134	0.17764	-0.228351	0.76	-0.538	1
-0.353411	0.101991	0.266791	0.55	-0.929	1
-0.151749	-0.42748	-0.0433411	0.76	-0.538	1
-0.147159	-0.266864	0.341275	0.76	-0.538	1
-0.126328	0.334762	0.287005	0.85	-0.642	1
0.0721815	0.124467	0.43933	0.55	-0.929	1
-0.321	0.0532722	-0.333259	0.85	-0.642	1
0.463513	-0.0227876	-0.0467672	0.55	-0.929	1
-0.277214	0.30612	0.217592	0.775	-0.59	1
-0.232195	-0.411309	-0.0230584	0.85	-0.642	1
-0.278105	-0.295369	0.246097	0.85	-0.642	1
-0.0675355	0.380672	0.27611	0.55	-0.929	1
-0.327372	-0.331618	-0.101722	0.55	-0.929	1
-0.434404	-0.138111	0.151673	0.55	-0.929	1
0.107676	-0.469348	0.0127787	0.85	-0.642	1
-0.202182	-0.41453	0.143314	0.85	-0.642	1
-0.33813	0.154754	-0.30866	0.85	-0.642	1
0.153106	-0.457836	-0.0462875	0.55	-0.929	1
-0.261454	-0.40432	0.0628684	0.775	-0.59	1
-0.34649	0.308997	0.144821	0.85	-0.642	1
-0.292083	0.275216	0.276932	0.55	-0.929	1
-0.186559	0.0842443	0.443716	0.55	-0.929	1
0.461183	-0.060886	-0.163735	0.55	-0.929	1
0.471804	-0.142839	-0.0725316	0.55	-0.929	1
0.42377	-0.0968603	0.246371	0.55	-0.929	1
-0.0257369	0.26343	0.424392	0.55	-0.929	1
-0.184161	0.335036	-0.322844	0.55	-0.929	1
-0.033754	-0.501759	-0.0101078	0.55	-0.929	1
0.49051	-0.0735627	-0.0954867	0.85	-0.642	1
-0.420631	0.235884	0.155785	0.85	-0.642	1
-0.213145	0.4605	0.030937	0.55	-0.929	1
-0.506969	-0.0500594	0.0135323	0.55	-0.929	1
0.375393	-0.33059	-0.103093	0.55	-0.929	1
-0.304965	-0.403429	-0.0965145	0.85	-0.642	1
-0.32792	-0.391301	0.0732838	0.55	-0.929	1
-0.30798	0.184698	0.376015	0.76	-0.538	1
-0.310721	-0.0268303	0.416238	0.55	-0.929	1
-0.221163	0.457896	-0.115084	0.85	-0.642	1
-0.159355	0.47441	-0.154964	0.55	-0.929	1
-0.257685	-0.396988	0.230885	0.85	-0.642	1
0.0297662	-0.525947	-0.0187415	0.775	-0.59	1
-0.329771	-0.288449	0.300572	0.55	-0.929	1
-0.276186	-0.42563	-0.16257	0.55	-0.929	1
-0.491141	-0.21232	-0.00647625	0.55	-0.929	1
-0.180734	0.270008	-0.427272	0.55	-0.929	1
-0.0569146	0.144201	-0.513952	0.55	-0.929	1
-0.212734	0.500243	-0.0249086	0.775	-0.59	1
0.265689	0.470094	0.0789027	0.55	-0.929	1
-0.17354	0.358676	0.373412	0.775	-0.59	1
-0.036769	-0.371018	0.401163	0.55	-0.929	1
-0.443449	0.233554	0.227596	0.55	-0.929	1
-0.0783621	-0.519575	0.164967	0.76	-0.538	1
0.477697	-0.273716	0.0173698	0.55	-0.929	1
0.161877	-0.520671	0.0858921	0.85	-0.642	1
-0.479218	0.252467	0.111382	0.55	-0.929	1
0.374091	-0.404731	0.0495751	0.55	-0.929	1
-0.175869	0.311053	0.422611	0.55	-0.929	1
-0.246996	0.0843128	0.488803	0.85	-0.642	1
-0.344434	0.214094	-0.378004	0.775	-0.59	1
-0.504297	-0.146128	0.178671	0.85	-0.642	1
0.521277	-0.0610915	0.180384	0.55	-0.929	1
-0.160041	-0.511352	0.148316	0.85	-0.642	1
-0.193411	0.33812	-0.397602	0.85	-0.642	1
0.49332	-0.0680808	0.250003	0.85	-0.642	1
-0.21849	-0.422821	0.289883	0.55	-0.929	1
-0.347381	0.326128	-0.290638	0.55	-0.929	1
-0.36643	0.0277133	-0.420488	0.775	-0.59	1
0.202168	-0.292697	0.431107	0.55	-0.929	1
-0.000383658	-0.483669	0.280701	0.55	-0.929	1
-0.43783	-0.339977	0.0865772	0.76	-0.538	1
0.490784	-0.000380848	0.282962	0.55	-0.929	1
-0.289753	-0.0102479	0.486748	0.85	-0.642	1
-0.239458	-0.0610915	0.510593	0.55	-0.929	1
0.109184	-0.252063	0.500795	0.55	-0.929	1
-0.0723321	0.55883	0.0934981	0.55	-0.929	1
-0.0856254	0.0354565	-0.563974	0.55	-0.929	1
-0.327646	-0.00216223	-0.468454	0.55	-0.929	1
-0.385342	0.40349	0.1305	0.85	-0.642	1
-0.521359	-0.0869931	0.222183	0.55	-0.929	1
0.400746	-0.401031	-0.0945959	0.85	-0.642	1
-0.315312	0.156741	0.454405	0.85	-0.642	1
0.30413	0.368132	0.320718	0.55	-0.929	1
0.216215	-0.191284	0.499493	0.55	-0.929	1
0.345174	-0.44975	-0.109534	0.55	-0.929	1
0.243487	0.379781	0.362037	0.85	-0.642	1
0.0447726	-0.556851	0.151947	0.55	-0.929	1
-0.574327	-0.0618453	0.0452582	0.85	-0.642	1
0.246845	-0.523754	0.0816437	0.76	-0.538	1
-0.323055	-0.434264	0.225883	0.55	-0.929	1
0.180036	0.446385	0.336341	0.85	-0.642	1
-0.33861	0.19066	-0.442141	0.55	-0.929	1
0.184078	-0.259395	0.496272	0.85	-0.642	1
0.139744	0.0620429	0.570482	0.55	-0.929	1
0.191958	0.486333	0.274877	0.55	-0.929	1
-0.40446	0.427404	0.0516994	0.76	-0.538	1
-0.50834	-0.209374	0.21951	0.55	-0.929	1
-0.0816512	0.109735	-0.576239	0.85	-0.642	1
0.113089	-0.561784	0.152359	0.775	-0.59	1
0.228755	0.328595	0.440495	0.85	-0.642	1
-0.590292	-0.00504042	0.0921961	0.55	-0.929	1
-0.548836	0.192921	-0.13893	0.55	-0.929	1
-0.359509	0.312081	-0.363683	0.85	-0.642	1
-0.550961	-0.233494	0.0341577	0.85	-0.642	1
0.433705	-0.414735	0.00455606	0.85	-0.642	1
-0.572408	-0.15161	0.098637	0.85	-0.642	1
-0.224452	0.13269	-0.54328	0.55	-0.929	1
-0.00120593	-0.433922	0.418499	0.85	-0.642	1
-0.383698	-0.461056	-0.0737651	0.775	-0.59	1
0.594185	-0.0654084	-0.100215	0.85	-0.642	1
-0.305582	0.496269	-0.166476	0.85	-0.642	1
0.289808	0.260895	0.464752	0.76	-0.538	1
0.2981	0.513263	0.130431	0.85	-0.642	1
0.489414	-0.256654	0.254937	0.55	-0.929	1
0.019899	-0.497168	0.350868	0.85	-0.642	1
0.505311	-0.342513	0.0308686	0.85	-0.642	1
0.101578	0.462488	0.388213	0.85	-0.642	1
-0.155518	0.245272	0.540332	0.76	-0.538	1
0.612069	-0.0366291	0.0449842	0.55	-0.929	1
0.0406612	-0.610846	-0.0596494	0.85	-0.642	1
0.60645	0.0801328	-0.0788358	0.55	-0.929	1
-0.38452	0.47955	-0.055401	0.55	-0.929	1
0.584112	0.0471052	-0.195255	0.55	-0.929	1
-0.520537	-0.321408	0.0872623	0.85	-0.642	1
0.151873	0.344081	0.493737	0.85	-0.642	1
-0.114542	0.417742	-0.444608	0.9	-0.12	1
0.446245	-0.0142908	0.432067	0.55	-0.929	1
-0.445368	-0.431249	-0.0718464	0.55	-0.929	1
-0.213557	0.439875	0.390542	0.85	-0.642	1
-0.204443	0.591378	-0.0151785	0.85	-0.642	1
-0.288794	0.366625	-0.418501	0.85	-0.642	1
-0.56213	0.255276	-0.108711	0.775	-0.59	1
-0.245145	0.544097	0.191964	0.55	-0.929	1
0.173252	0.0162701	0.602482	0.76	-0.538	1
0.0889694	0.41089	0.467767	0.85	-0.642	1
0.45296	-0.179909	0.399245	0.55	-0.929	1
0.269937	0.232458	0.519844	0.55	-0.929	1
-0.627089	-0.0656826	-0.00846335	0.55	-0.929	1
-0.0351245	0.511344	0.368204	0.55	-0.929	1
-0.218079	0.108775	0.582199	0.775	-0.59	1
0.342776	-0.422615	0.321129	0.55	-0.929	1
0.0484727	0.558624	0.291253	0.55	-0.929	1
0.612343	-0.156337	0.0165474	0.55	-0.929	1
0.458099	-0.412954	-0.142013	0.55	-0.929	1
0.0375777	0.162223	0.610704	0.55	-0.929	1
-0.374516	0.435901	0.265694	0.55	-0.929	1
0.509765	-0.29996	-0.231983	0.55	-0.929	1
0.521825	-0.349091	0.104119	0.55	-0.929	1
-0.457359	0.0415548	-0.441045	0.85	-0.642	1
-0.350122	-0.0114814	0.531904	0.55	-0.929	1
-0.215407	-0.583506	0.137558	0.775	-0.59	1
-0.39192	0.459952	0.203956	0.775	-0.59	1
0.190862	0.493323	-0.357174	0.55	-0.929	1
0.623786	0.0310024	-0.133242	0.85	-0.642	1
0.371624	0.489211	0.178534	0.775	-0.59	1
-0.217462	0.501751	0.333943	0.76	-0.538	1
0.635229	-0.0878839	-0.00517425	0.85	-0.642	1
-0.31634	-0.226916	0.509839	0.55	-0.929	1
-0.103441	0.622282	0.119674	0.85	-0.642	1
-0.384588	0.499901	-0.12084	0.775	-0.59	1
-0.178473	0.146805	-0.601319	0.85	-0.642	1
-0.0295057	-0.339224	0.547869	0.55	-0.929	1
-0.0340281	0.123302	-0.633113	0.55	-0.929	1
0.554168	-0.131464	0.305574	0.85	-0.642	1
0.367239	-0.506624	0.166543	0.55	-0.929	1
-0.513136	0.0771179	-0.388351	0.76	-0.538	1
0.61988	-0.115978	-0.149825	0.55	-0.929	1
0.140635	0.304338	0.555475	0.55	-0.929	1
-0.504845	0.349837	-0.209371	0.55	-0.929	1
0.583427	-0.216911	0.18614	0.55	-0.929	1
-0.296743	0.523404	-0.245139	0.76	-0.538	1
0.0351109	0.538136	0.362517	0.85	-0.642	1
-0.282353	-0.573296	0.127074	0.55	-0.929	1
-0.173951	0.188672	0.600289	0.85	-0.642	1
-0.53938	0.33901	-0.144138	0.85	-0.642	1
-0.640862	0.131799	0.0201789	0.55	-0.929	1
0.558347	-0.226162	0.256581	0.85	-0.642	1
-0.175321	-0.630581	-0.0307332	0.55	-0.929	1
-0.0726747	-0.634486	-0.150442	0.55	-0.929	1
-0.106593	0.619541	0.194911	0.55	-0.929	1
0.208746	-0.568842	0.259322	0.55	-0.929	1
0.116721	-0.645244	-0.0738335	0.76	-0.538	1
-0.266456	0.58713	0.14304	0.775	-0.59	1
-0.605573	0.267953	-0.0263475	0.85	-0.642	1
0.0291494	0.423087	0.510045	0.55	-0.929	1
-0.2964	0.439738	-0.401919	0.55	-0.929	1
-0.199304	0.630367	0.0824658	0.85	-0.642	1
-0.377942	0.191002	0.514773	0.775	-0.59	1
-0.355192	-0.285776	0.486474	0.85	-0.642	1
0.567735	-0.352997	-0.0100393	0.55	-0.929	1
-0.115022	-0.659292	-0.0155212	0.775	-0.59	1
-0.178747	-0.361836	0.534165	0.55	-0.929	1
-0.501556	0.211559	-0.390886	0.55	-0.929	1
-0.0448547	-0.663814	-0.0868527	0.85	-0.642	1
-0.379175	-0.5513	-0.0551955	0.85	-0.642	1
0.269183	0.596312	0.152975	0.775	-0.59	1
-0.307364	-0.595292	-0.0540992	0.76	-0.538	1
0.51833	-0.142633	0.403904	0.85	-0.642	1
-0.172854	0.221289	-0.61146	0.55	-0.929	1
0.15852	-0.613793	0.225609	0.85	-0.642	1
-0.641067	-0.16271	0.12769	0.55	-0.929	1
-0.624279	-0.251926	-0.032583	0.775	-0.59	1
-0.553839	-0.369373	-0.105422	0.76	-0.538	1
-0.11276	0.325169	-0.579665	0.55	-0.929	1
-0.642575	0.204638	0.0346373	0.85	-0.642	1
-0.231235	0.0654693	0.633659	0.55	-0.929	1
0.213749	0.630847	0.126252	0.55	-0.929	1
-0.301676	0.356072	-0.492025	0.55	-0.929	1
0.341817	-0.586315	0.0183975	0.55	-0.929	1
0.0233936	-0.4516	0.508264	0.85	-0.642	1
-0.203895	0.644688	-0.0804802	0.76	-0.538	1
-0.448314	-0.127147	-0.497576	0.55	-0.929	1
0.500446	-0.0559525	0.463861	0.85	-0.642	1
0.294194	0.461254	-0.41576	0.55	-0.929	1
-0.00408389	0.276381	0.63037	0.55	-0.929	1
-0.457291	0.342779	-0.384377	0.85	-0.642	1
-0.475312	-0.209237	0.453857	0.55	-0.929	1
0.0668367	-0.578024	0.371425	0.85	-0.642	1
-0.23103	-0.403086	0.51073	0.775	-0.59	1
-0.316957	-0.373828	0.486542	0.85	-0.642	1
-0.484974	0.238077	0.432546	0.55	-0.929	1
0.115625	0.677579	0.0886328	0.76	-0.538	1
0.218408	-0.318119	0.576306	0.85	-0.642	1
-0.444271	-0.276663	0.455501	0.85	-0.642	1
0.0019461	-0.389519	0.574593	0.76	-0.538	1
0.268292	-0.615711	-0.18436	0.55	-0.929	1
0.469954	-0.514504	0.0214809	0.85	-0.642	1
0.0209268	0.213409	0.663467	0.85	-0.642	1
0.432266	-0.515052	0.186483	0.775	-0.59	1
0.396155	-0.133657	0.559039	0.76	-0.538	1
-0.393496	0.349974	0.459612	0.85	-0.642	1
-0.422961	0.394376	0.394448	0.76	-0.538	1
0.24431	0.516689	-0.404865	0.85	-0.642	1
0.366827	-0.491343	0.340589	0.85	-0.642	1
-0.130165	0.396843	-0.564179	0.85	-0.642	1
-0.0353301	0.701082	0.0166844	0.55	-0.929	1
-0.566241	0.407053	-0.0857564	0.85	-0.642	1
-0.102208	-0.69184	0.0692412	0.85	-0.642	1
0.623581	-0.102205	0.30859	0.55	-0.929	1
-0.620031	-0.317639	-0.0975423	0.85	-0.642	1
0.513876	0.135568	0.460983	0.76	-0.538	1
-0.317025	0.373409	0.505865	0.775	-0.59	1
0.0424428	0.625913	-0.320103	0.76	-0.538	1
-0.580905	-0.376637	0.131665	0.775	-0.59	1
0.312626	-0.541844	0.326611	0.55	-0.929	1
0.33195	-0.373005	0.498876	0.55	-0.929	1
-0.173951	0.605425	-0.323666	0.55	-0.929	1
-0.608519	0.362925	-0.00962811	0.85	-0.642	1
0.57445	-0.323669	-0.259803	0.85	-0.642	1
-0.416794	-0.554178	0.14811	0.76	-0.538	1
-0.503612	-0.438855	0.237875	0.55	-0.929	1
0.0177062	0.655926	-0.268985	0.55	-0.929	1
0.403967	-0.583369	-0.0102447	0.775	-0.59	1
-0.044512	0.70259	0.0915107	0.85	-0.642	1
-0.520468	0.277135	-0.396642	0.775	-0.59	1
-0.379244	0.165854	0.578499	0.55	-0.929	1
-0.443449	0.263156	0.490242	0.85	-0.642	1
-0.260563	0.45262	0.483321	0.85	-0.642	1
0.180721	-0.383352	0.573291	0.55	-0.929	1
0.610082	-0.19238	-0.315169	0.55	-0.929	1
-0.68081	-0.213348	-0.0296366	0.55	-0.929	1
0.0484042	0.699506	0.136804	0.85	-0.642	1
-0.356768	0.604534	0.133789	0.85	-0.642	1
0.0252437	-0.66491	0.261789	0.55	-0.929	1
-0.179501	-0.677724	0.140915	0.85	-0.642	1
0.710467	-0.0867189	-0.00935417	0.55	-0.929	1
-0.297976	0.334145	0.558696	0.55	-0.929	1
-0.224931	0.0303173	-0.679091	0.55	-0.929	1
0.281997	-0.161614	0.638867	0.55	-0.929	1
0.0892435	-0.647095	0.29742	0.85	-0.642	1
-0.405008	0.17812	-0.567126	0.76	-0.538	1
0.19004	0.0459404	0.692931	0.85	-0.642	1
-0.151749	0.409383	0.573017	0.55	-0.929	1
-0.0741137	-0.190736	0.691561	0.55	-0.929	1
0.392455	0.561297	0.235956	0.85	-0.642	1
-0.423372	0.554376	0.196213	0.85	-0.642	1
-0.481753	0.493665	-0.224103	0.55	-0.929	1
0.605148	-0.271798	0.294131	0.55	-0.929	1
-0.489428	0.0114051	-0.536154	0.85	-0.642	1
-0.489428	-0.524097	0.119331	0.85	-0.642	1
0.222519	-0.69273	-0.0392297	0.55	-0.929	1
-0.472023	0.531764	-0.159829	0.85	-0.642	1
0.173183	0.488183	-0.514638	0.55	-0.929	1
-0.681427	0.237803	0.114055	0.85	-0.642	1
-0.222533	0.105007	-0.688959	0.85	-0.642	1
0.466527	-0.0871985	0.556846	0.85	-0.642	1
0.361003	-0.278581	0.572332	0.55	-0.929	1
-0.0523236	0.100279	0.72404	0.55	-0.929	1
0.332635	0.578222	-0.303383	0.55	-0.929	1
-0.148597	-0.687249	0.209027	0.55	-0.929	1
0.498527	-0.525604	0.120427	0.85	-0.642	1
0.319958	-0.341554	0.566302	0.85	-0.642	1
-0.0312872	-0.728842	0.0943201	0.76	-0.538	1
0.229714	0.110009	0.690875	0.55	-0.929	1
-0.546644	-0.459617	0.179562	0.85	-0.642	1
0.12049	-0.269742	0.675869	0.55	-0.929	1
0.101303	-0.724114	0.100898	0.55	-0.929	1
-0.225891	-0.49614	0.498671	0.85	-0.642	1
-0.18327	-0.0404663	0.715064	0.76	-0.538	1
-0.366567	-0.451258	0.45742	0.85	-0.642	1
0.12419	0.0582745	0.727398	0.55	-0.929	1
-0.216229	0.703755	0.078697	0.55	-0.929	1
0.230742	-0.18128	0.679844	0.775	-0.59	1
-0.202045	0.409862	-0.582749	0.55	-0.929	1
0.329209	0.627147	0.220127	0.85	-0.642	1
-0.387877	0.116244	-0.621875	0.85	-0.642	1
-0.500186	-0.0930229	-0.540333	0.85	-0.642	1
-0.495115	-0.352106	0.426311	0.85	-0.642	1
0.452549	-0.5156	0.284744	0.85	-0.642	1
0.568694	-0.184774	0.440906	0.55	-0.929	1
-0.0263536	-0.735968	-0.0985016	0.55	-0.929	1
0.725473	0.0436106	-0.156334	0.85	-0.642	1
-0.657787	-0.22623	-0.262544	0.55	-0.929	1
0.503118	-0.460919	0.296324	0.55	-0.929	1
0.706767	0.188741	-0.139341	0.55	-0.929	1
0.0827339	0.229032	0.703758	0.55	-0.929	1
-0.475655	0.425006	-0.386638	0.76	-0.538	1
0.00352209	0.631875	-0.396368	0.85	-0.642	1
0.532035	-0.523343	-0.0203177	0.55	-0.929	1
-0.147638	0.21012	0.701017	0.85	-0.642	1
-0.425839	0.031482	-0.613036	0.775	-0.59	1
0.584249	-0.00140864	0.465917	0.775	-0.59	1
-0.113034	0.691969	-0.260831	0.55	-0.929	1
0.383615	-0.492165	0.414045	0.55	-0.929	1
0.63057	-0.263301	-0.306741	0.85	-0.642	1
0.20765	-0.695266	0.18614	0.85	-0.642	1
-0.0530088	0.175585	0.726507	0.85	-0.642	1
0.19559	-0.273922	0.670936	0.85	-0.642	1
-0.609616	-0.338264	-0.279332	0.55	-0.929	1
0.35977	0.00455292	0.659287	0.55	-0.929	1
0.58466	0.089315	0.463244	0.85	-0.642	1
0.480712	0.302419	0.493189	0.55	-0.929	1
-0.709247	0.189906	0.163528	0.55	-0.929	1
-0.520263	-0.542392	0.0352539	0.775	-0.59	1
0.556497	-0.460851	-0.211289	0.55	-0.929	1
-0.0852828	0.442685	-0.603785	0.55	-0.929	1
0.0546398	0.718692	0.219922	0.76	-0.538	1
-0.345325	-0.0791129	-0.665318	0.55	-0.929	1
0.0697147	-0.531497	0.530396	0.85	-0.642	1
0.0326441	0.593708	-0.467083	0.76	-0.538	1
0.0437447	0.624132	0.424735	0.85	-0.642	1
-0.190739	0.472423	0.559176	0.85	-0.642	1
0.203402	0.54026	-0.489901	0.76	-0.538	1
-0.553359	0.508192	-0.0980905	0.85	-0.642	1
0.0910251	-0.594058	0.461943	0.85	-0.642	1
0.293234	0.599601	-0.363957	0.85	-0.642	1
-0.492168	0.555472	0.165446	0.55	-0.929	1
-0.757898	0.0341545	-0.0543047	0.55	-0.929	1
-0.165865	-0.537938	0.513266	0.55	-0.929	1
-0.469488	-0.599746	-0.0292942	0.85	-0.642	1
-0.649838	0.39465	0.0714337	0.85	-0.642	1
-0.143801	0.526282	0.535124	0.55	-0.929	1
-0.386781	0.655241	0.073695	0.76	-0.538	1
-0.457633	-0.439403	0.426859	0.85	-0.642	1
-0.306062	0.51244	0.477977	0.55	-0.929	1
-0.542053	0.539438	-0.030459	0.55	-0.929	1
-0.14942	0.676688	-0.325036	0.85	-0.642	1
0.688745	0.0898632	0.322979	0.55	-0.929	1
0.161261	0.660791	-0.356899	0.55	-0.929	1
-0.307158	-0.528619	0.465643	0.85	-0.642	1
-0.359372	0.599532	0.321472	0.55	-0.929	1
0.60042	-0.413776	-0.248291	0.85	-0.642	1
-0.273308	0.692037	-0.200257	0.55	-0.929	1
0.309337	-0.677587	-0.197311	0.85	-0.642	1
0.163659	-0.743779	0.121318	0.775	-0.59	1
0.764463	0.0101715	-0.101174	0.55	-0.929	1
-0.685881	0.331541	0.13235	0.85	-0.642	1
-0.564939	-0.342376	0.402876	0.55	-0.929	1
0.425688	-0.642024	-0.076643	0.85	-0.642	1
0.448917	0.564586	0.284607	0.55	-0.929	1
-0.580357	-0.515874	0.0156566	0.55	-0.929	1
0.196892	-0.119815	0.741719	0.85	-0.642	1
-0.0941222	0.100141	-0.764539	0.55	-0.929	1
-0.145925	0.285152	0.708075	0.55	-0.929	1
-0.737889	-0.0819908	-0.22979	0.76	-0.538	1
0.00215165	0.734795	0.253155	0.55	-0.929	1
0.146391	0.701973	0.300572	0.55	-0.929	1
-0.702258	-0.297082	0.152907	0.55	-0.929	1
-0.56905	-0.113922	-0.51779	0.55	-0.929	1
-0.0792529	0.766521	0.111314	0.55	-0.929	1
-0.399184	0.665382	-0.0706814	0.55	-0.929	1
-0.687937	0.200664	-0.309619	0.76	-0.538	1
0.0231195	0.603849	0.494354	0.55	-0.929	1
0.753362	0.140981	-0.154895	0.775	-0.59	1
-0.672519	-0.300166	-0.262887	0.85	-0.642	1
0.22622	0.668945	-0.336617	0.775	-0.59	1
0.627623	0.287002	0.368478	0.76	-0.538	1
-0.0867903	-0.249939	0.736443	0.85	-0.642	1
-0.55562	0.0448439	-0.549584	0.55	-0.929	1
0.278708	-0.731925	-0.0414225	0.775	-0.59	1
0.701696	0.253426	0.241917	0.76	-0.538	1
0.471872	0.375875	0.502713	0.85	-0.642	1
-0.151749	-0.282761	0.716914	0.55	-0.929	1
0.243624	-0.0255286	0.746447	0.85	-0.642	1
-0.322713	0.13872	-0.703143	0.85	-0.642	1
-0.207321	0.687652	0.32017	0.55	-0.929	1
0.677987	0.235542	0.32154	0.85	-0.642	1
-0.681496	-0.368757	0.142217	0.85	-0.642	1
-0.030465	-0.299481	0.72918	0.55	-0.929	1
0.75021	-0.00798683	-0.245276	0.85	-0.642	1
0.303718	0.725271	-0.069174	0.55	-0.929	1
-0.354233	0.616115	-0.345936	0.55	-0.929	1
0.117543	-0.708628	0.330517	0.55	-0.929	1
0.33935	-0.0310787	0.714173	0.775	-0.59	1
-0.414259	-0.0495798	-0.672856	0.85	-0.642	1
-0.70171	-0.327369	-0.165037	0.85	-0.642	1
-0.427894	0.599806	0.290089	0.85	-0.642	1
-0.782223	-0.122556	0.0170956	0.76	-0.538	1
-0.586935	-0.333331	-0.41761	0.55	-0.929	1
0.611658	0.270351	0.428366	0.55	-0.929	1
0.36395	-0.661621	-0.246784	0.55	-0.929	1
0.143787	0.652568	0.430491	0.85	-0.642	1
0.760968	-0.119815	0.197378	0.55	-0.929	1
0.285903	-0.711917	0.211219	0.76	-0.538	1
0.644343	-0.0341624	0.469549	0.55	-0.929	1
0.734587	-0.287558	-0.126801	0.55	-0.929	1
0.18353	0.691146	0.357103	0.775	-0.59	1
0.351684	-0.710272	-0.108369	0.85	-0.642	1
-0.0205292	0.696149	0.396298	0.775	-0.59	1
-0.0111417	0.727806	0.336273	0.55	-0.929	1
-0.0832272	0.687652	-0.404248	0.85	-0.642	1
-0.694926	0.0292895	-0.399863	0.55	-0.929	1
-0.368074	-0.123995	0.702045	0.55	-0.929	1
-0.616468	0.298308	-0.418227	0.85	-0.642	1
-0.164837	0.123645	-0.775845	0.85	-0.642	1
-0.269951	0.275696	-0.704307	0.55	-0.929	1
-0.255972	-0.749809	0.131528	0.85	-0.642	1
0.581097	-0.538624	0.137626	0.76	-0.538	1
-0.274953	-0.753647	0.0586885	0.55	-0.929	1
-0.452768	-0.665047	0.00441883	0.55	-0.929	1
-0.67711	0.279875	-0.336548	0.85	-0.642	1
-0.420494	0.0392937	0.688477	0.76	-0.538	1
0.340035	-0.38993	0.620503	0.55	-0.929	1
-0.653401	0.467421	0.0859606	0.55	-0.929	1
-0.567954	-0.559249	-0.132215	0.55	-0.929	1
-0.475792	0.561776	0.334148	0.55	-0.929	1
0.67785	-0.435909	-0.0676665	0.55	-0.929	1
0.446245	0.53286	-0.414253	0.55	-0.929	1
-0.315107	-0.725758	0.171613	0.55	-0.929	1
-0.471543	0.631806	-0.18484	0.85	-0.642	1
0.73582	0.106857	-0.320857	0.55	-0.929	1
0.265003	-0.73172	-0.225405	0.55	-0.929	1
-0.351698	-0.629347	0.37026	0.55	-0.929	1
-0.48607	-0.114539	-0.638663	0.85	-0.642	1
-0.49765	-0.497716	0.404178	0.55	-0.929	1
0.0323015	0.801193	-0.127692	0.76	-0.538	1
-0.218353	0.176064	0.762619	0.775	-0.59	1
0.376763	0.379576	0.611801	0.55	-0.929	1
0.770698	-0.0900764	-0.242056	0.76	-0.538	1
-0.1967	-0.0861707	0.784888	0.85	-0.642	1
0.71266	0.148176	0.364367	0.85	-0.642	1
0.514767	0.439738	0.453172	0.775	-0.59	1
0.417328	0.413083	0.564795	0.775	-0.59	1
-0.737752	0.303447	-0.166476	0.55	-0.929	1
-0.508271	0.285769	0.569728	0.85	-0.642	1
-0.392674	0.383824	-0.602826	0.55	-0.929	1
0.089175	-0.545065	0.600769	0.55	-0.929	1
0.29344	0.31352	-0.694372	0.55	-0.929	1
-0.462635	-0.185734	-0.646612	0.55	-0.929	1
0.133783	-0.138453	0.794687	0.76	-0.538	1
-0.595637	0.147902	0.540537	0.76	-0.538	1
-0.482027	-0.63805	-0.171752	0.55	-0.929	1
0.514836	-0.0634898	0.632768	0.775	-0.59	1
0.75158	0.0402531	-0.323323	0.775	-0.59	1
-0.426387	0.69005	-0.128514	0.775	-0.59	1
-0.326139	0.238488	-0.716573	0.775	-0.59	1
-0.527937	-0.620645	-0.114536	0.85	-0.642	1
0.127205	-0.656482	0.479553	0.55	-0.929	1
0.501954	-0.642503	-0.112891	0.76	-0.538	1
-0.118722	0.667027	-0.467494	0.55	-0.929	1
0.103839	0.77077	-0.271315	0.55	-0.929	1
-0.71747	-0.396646	0.0821918	0.55	-0.929	1
-0.717949	0.355181	0.195048	0.55	-0.929	1
0.530664	-0.260903	0.574525	0.55	-0.929	1
-0.0549959	-0.0774685	0.820246	0.55	-0.929	1
-0.61592	0.536834	-0.128789	0.55	-0.929	1
0.356686	0.747952	-0.0217567	0.85	-0.642	1
-0.653401	0.170583	-0.481199	0.55	-0.929	1
-0.826215	0.00804747	-0.0724631	0.85	-0.642	1
0.185723	0.635301	0.500452	0.76	-0.538	1
0.319204	0.719994	0.262131	0.85	-0.642	1
0.436926	0.705742	-0.0102447	0.775	-0.59	1
-0.287903	0.738084	-0.24884	0.775	-0.59	1
0.494553	-0.402538	0.532041	0.55	-0.929	1
-0.1647	0.19758	-0.790509	0.55	-0.929	1
0.232935	0.45447	-0.656616	0.55	-0.929	1
-0.327783	0.27549	0.713556	0.76	-0.538	1
0.679084	0.135362	0.463176	0.85	-0.642	1
-0.797093	-0.0223765	-0.241302	0.85	-0.642	1
0.246708	0.742744	-0.286047	0.85	-0.642	1
-0.788802	-0.211087	-0.16627	0.55	-0.929	1
0.393551	-0.683891	0.268298	0.55	-0.929	1
-0.627157	-0.303387	-0.457696	0.76	-0.538	1
0.143376	0.820654	0.0299092	0.55	-0.929	1
-0.330387	-0.626264	0.442482	0.85	-0.642	1
0.79427	0.258496	0.0143546	0.76	-0.538	1
0.317697	0.663806	0.395613	0.55	-0.929	1
-0.819225	0.160236	0.0514252	0.55	-0.929	1
-0.684305	-0.386847	0.288992	0.55	-0.929	1
0.273157	0.760971	0.218825	0.55	-0.929	1
-0.634147	-0.504499	0.214577	0.85	-0.642	1
-0.780579	-0.273031	-0.138107	0.775	-0.59	1
-0.466404	0.300981	0.630507	0.55	-0.929	1
-0.834232	-0.0919951	-0.0421076	0.85	-0.642	1
-0.202936	0.125221	0.805924	0.55	-0.929	1
0.772891	-0.322847	-0.0738335	0.85	-0.642	1
-0.350601	0.647155	-0.406921	0.775	-0.59	1
-0.722472	-0.399797	-0.165653	0.55	-0.929	1
0.723075	-0.0519096	-0.42919	0.55	-0.929	1
0.0804042	-0.838957	0.00352801	0.55	-0.929	1
-0.0323836	0.206831	0.816408	0.76	-0.538	1
-0.444203	0.55143	-0.458792	0.55	-0.929	1
0.567529	-0.0205263	0.624203	0.55	-0.929	1
-0.231784	0.740414	-0.332917	0.85	-0.642	1
0.495649	-0.603925	0.320649	0.85	-0.642	1
-0.621607	0.371558	-0.435152	0.55	-0.929	1
0.713893	-0.293931	-0.343401	0.85	-0.642	1
-0.274473	-0.421793	0.679501	0.55	-0.929	1
0.74048	-0.40665	-0.0403947	0.85	-0.642	1
-0.349436	0.104869	-0.76495	0.55	-0.929	1
-0.304006	0.210942	0.763166	0.85	-0.642	1
-0.736245	-0.0859653	-0.412334	0.55	-0.929	1
-0.59317	0.248766	-0.554723	0.55	-0.929	1
-0.699448	-0.42563	0.226157	0.85	-0.642	1
0.280489	0.717733	0.358337	0.85	-0.642	1
0.820788	-0.188612	0.114671	0.55	-0.929	1
-0.268786	-0.668542	0.452281	0.55	-0.929	1
-0.0235442	-0.779137	0.341206	0.55	-0.929	1
-0.548151	0.346822	0.550816	0.55	-0.929	1
0.35792	0.637836	-0.435426	0.85	-0.642	1
0.106374	0.837442	-0.110904	0.85	-0.642	1
0.81188	-0.174633	0.188196	0.85	-0.642	1
0.756788	0.263567	-0.288445	0.55	-0.929	1
-0.716922	0.352852	-0.296531	0.775	-0.59	1
0.788034	-0.237125	0.222937	0.55	-0.929	1
0.286314	-0.802983	0.0163417	0.85	-0.642	1
-0.386096	0.00996609	0.760426	0.85	-0.642	1
0.205457	-0.824088	0.0807529	0.85	-0.642	1
-0.574738	0.210257	0.594465	0.85	-0.642	1
-0.0906961	0.719994	0.448718	0.85	-0.642	1
-0.234867	0.50408	0.647638	0.85	-0.642	1
0.22944	-0.335181	0.750832	0.85	-0.642	1
-0.64696	0.242668	-0.502304	0.85	-0.642	1
0.0267512	0.185863	0.833607	0.55	-0.929	1
0.244858	-0.00401237	0.81867	0.55	-0.929	1
0.333663	0.364638	-0.697113	0.76	-0.538	1
0.832574	-0.159353	-0.115221	0.55	-0.929	1
0.756788	-0.0837725	0.391502	0.76	-0.538	1
-0.45174	0.670864	0.282483	0.55	-0.929	1
0.386425	0.495036	-0.582749	0.55	-0.929	1
0.670998	0.20361	0.494148	0.55	-0.929	1
-0.84033	0.0209981	-0.171546	0.775	-0.59	1
-0.426181	-0.0317641	-0.745147	0.55	-0.929	1
-0.129	0.822093	0.214166	0.55	-0.929	1
-0.115022	-0.116252	0.844091	0.85	-0.642	1
-0.368486	-0.0939137	0.771184	0.85	-0.642	1
0.434185	0.589117	-0.45146	0.775	-0.59	1
-0.194644	0.0865056	-0.834226	0.55	-0.929	1
-0.233154	0.749116	0.355322	0.85	-0.642	1
-0.755637	-0.0131261	-0.413773	0.85	-0.642	1
0.398142	-0.0845263	0.759604	0.85	-0.642	1
-0.0655484	-0.493262	0.704649	0.55	-0.929	1
0.42651	0.506616	0.553009	0.85	-0.642	1
0.486467	0.522719	0.48476	0.85	-0.642	1
0.683743	-0.444063	-0.284608	0.85	-0.642	1
-0.300648	0.807703	-0.0579365	0.55	-0.929	1
0.324275	0.758504	-0.257679	0.76	-0.538	1
-0.465239	-0.716028	0.139065	0.55	-0.929	1
-0.0639724	0.760354	-0.408839	0.55	-0.929	1
0.706082	0.104458	-0.490175	0.55	-0.929	1
-0.434884	-0.407678	0.629	0.55	-0.929	1
0.168661	0.808662	-0.264805	0.85	-0.642	1
-0.0923406	-0.218213	0.834636	0.85	-0.642	1
-0.280023	-0.112826	0.814216	0.775	-0.59	1
-0.508477	0.655584	-0.256857	0.76	-0.538	1
-0.104195	0.686213	0.523476	0.76	-0.538	1
-0.622018	-0.539172	0.280358	0.55	-0.929	1
0.582878	0.567532	0.309343	0.76	-0.538	1
0.840317	0.16743	-0.174082	0.85	-0.642	1
-0.290644	0.793519	0.224924	0.55	-0.929	1
0.452275	-0.684302	0.303656	0.775	-0.59	1
-0.740973	-0.318187	-0.339084	0.85	-0.642	1
0.387384	-0.775163	-0.122553	0.55	-0.929	1
0.301046	0.558899	0.602482	0.55	-0.929	1
0.80263	0.311875	-0.157636	0.55	-0.929	1
-0.776536	0.343738	-0.216977	0.85	-0.642	1
-0.290439	0.714992	-0.417679	0.85	-0.642	1
0.775152	-0.000175133	-0.412128	0.85	-0.642	1
-0.660733	-0.554178	0.164487	0.55	-0.929	1
0.174554	0.843472	-0.172369	0.775	-0.59	1
-0.550275	-0.104809	-0.676898	0.55	-0.929	1
-0.708288	-0.287626	-0.433507	0.85	-0.642	1
-0.0943278	-0.716233	0.501137	0.55	-0.929	1
-0.705204	0.415276	-0.322227	0.55	-0.929	1
-0.732887	0.465845	-0.147769	0.55	-0.929	1
0.788034	0.149614	0.364504	0.55	-0.929	1
-0.292768	0.730684	0.3976	0.55	-0.929	1
0.527581	-0.697527	0.118783	0.55	-0.929	1
0.757542	-0.246444	-0.380265	0.55	-0.929	1
-0.411723	0.615909	-0.480376	0.85	-0.642	1
0.588292	-0.266864	0.604195	0.76	-0.538	1
0.496403	-0.0954899	0.726096	0.85	-0.642	1
0.124807	0.876842	-0.0167544	0.85	-0.642	1
0.202237	-0.415215	0.756314	0.76	-0.538	1
0.563075	0.576303	0.36978	0.55	-0.929	1
0.38711	0.752611	0.264461	0.55	-0.929	1
0.282271	0.445494	-0.712873	0.85	-0.642	1
-0.863285	0.197169	-0.0573883	0.55	-0.929	1
-0.15915	-0.859514	0.154757	0.55	-0.929	1
-0.414944	0.429391	-0.658603	0.85	-0.642	1
0.309269	-0.233357	0.801813	0.55	-0.929	1
0.732326	-0.459001	0.216564	0.55	-0.929	1
-0.402199	0.280698	-0.744667	0.85	-0.642	1
-0.37061	0.603849	-0.542389	0.55	-0.929	1
0.349491	0.820859	0.0316909	0.775	-0.59	1
-0.879114	0.159071	0.00565234	0.85	-0.642	1
-0.813127	0.149204	-0.338878	0.55	-0.929	1
-0.219381	-0.811205	0.304547	0.55	-0.929	1
0.132481	-0.883634	0.0348428	0.85	-0.642	1
-0.233017	-0.847659	0.16387	0.85	-0.642	1
-0.190396	0.495926	0.720477	0.76	-0.538	1
0.853747	-0.0112074	0.268915	0.55	-0.929	1
-0.828476	0.00489535	-0.339221	0.85	-0.642	1
-0.314216	0.536766	0.644143	0.76	-0.538	1
0.233552	0.617759	-0.607006	0.55	-0.929	1
-0.842797	-0.302085	-0.0772596	0.85	-0.642	1
0.559307	-0.422478	0.562396	0.85	-0.642	1
0.741096	-0.384517	-0.332917	0.85	-0.642	1
0.485234	0.755215	0.0547828	0.85	-0.642	1
0.678193	-0.496345	0.320649	0.55	-0.929	1
0.853062	-0.283926	-0.0406002	0.85	-0.642	1
0.398896	-0.619411	0.516966	0.55	-0.929	1
0.5086	-0.169837	0.724177	0.55	-0.929	1
0.786869	0.278711	-0.343126	0.76	-0.538	1
0.0821172	0.693613	-0.571648	0.55	-0.929	1
0.567735	-0.598992	0.365669	0.76	-0.538	1
0.342228	-0.623249	0.556229	0.9	-0.12	1
-0.415835	0.787489	-0.148797	0.85	-0.642	1
-0.378627	0.495241	-0.653327	0.55	-0.929	1
-0.900767	0.0610152	-0.0188788	0.85	-0.642	1
-0.206225	0.810718	-0.342099	0.55	-0.929	1
0.508189	0.589528	0.459612	0.55	-0.929	1
0.568694	0.484894	-0.508813	0.55	-0.929	1
-0.328811	-0.421588	0.730139	0.85	-0.642	1
-0.00552285	-0.232945	0.875064	0.76	-0.538	1
-0.359441	0.797288	-0.235546	0.85	-0.642	1
-0.679645	-0.00942579	-0.59892	0.55	-0.929	1
0.234031	-0.864447	0.137626	0.55	-0.929	1
0.765765	-0.337579	0.35032	0.55	-0.929	1
-0.157985	0.792422	0.414114	0.85	-0.642	1
-0.362387	0.0654005	0.830182	0.775	-0.59	1
0.304883	-0.776396	0.359639	0.55	-0.929	1
-0.258439	0.823189	0.286251	0.85	-0.642	1
0.788445	-0.45208	0.0274425	0.85	-0.642	1
-0.887474	0.0673879	-0.189499	0.55	-0.929	1
0.289877	-0.298521	0.810242	0.775	-0.59	1
-0.804699	-0.281322	-0.322981	0.55	-0.929	1
0.747195	0.0860259	0.516898	0.775	-0.59	1
0.0621772	0.910555	0.00818758	0.55	-0.929	1
0.888899	-0.193888	-0.0788358	0.85	-0.642	1
0.294536	0.864919	0.0362817	0.55	-0.929	1
0.704163	-0.514846	-0.275152	0.55	-0.929	1
-0.913718	0.0236706	0.0453267	0.55	-0.929	1
0.0428539	-0.54205	0.73658	0.55	-0.929	1
-0.420083	-0.414187	0.701497	0.85	-0.642	1
-0.902	-0.141742	-0.0802748	0.775	-0.59	1
-0.754746	-0.39226	-0.34155	0.55	-0.929	1
0.878347	0.262402	0.00476152	0.85	-0.642	1
0.374708	0.572945	0.610293	0.85	-0.642	1
-0.549248	0.382454	-0.627083	0.55	-0.929	1
0.232866	0.873827	-0.152977	0.55	-0.929	1
0.37505	-0.129203	0.827167	0.76	-0.538	1
-0.0402637	-0.914743	0.0564959	0.55	-0.929	1
0.774672	0.0735549	-0.485995	0.85	-0.642	1
0.646193	0.624543	0.185386	0.76	-0.538	1
-0.368897	0.83751	-0.0695167	0.85	-0.642	1
-0.166482	0.864371	0.26405	0.85	-0.642	1
0.3375	0.708483	-0.478252	0.76	-0.538	1
0.0103058	-0.295918	0.87013	0.55	-0.929	1
-0.144966	-0.258504	0.870541	0.55	-0.929	1
-0.457839	-0.610367	0.513403	0.55	-0.929	1
-0.0555442	-0.844028	0.362242	0.85	-0.642	1
0.864642	0.269666	-0.164968	0.85	-0.642	1
0.755555	0.505382	-0.146399	0.76	-0.538	1
-0.770917	-0.449545	0.228007	0.55	-0.929	1
-0.839645	-0.377185	-0.0392984	0.76	-0.538	1
0.395196	0.541631	-0.632222	0.775	-0.59	1
-0.374584	0.165032	0.826687	0.85	-0.642	1
0.356344	-0.850811	0.0210698	0.76	-0.538	1
0.618099	0.631532	0.266654	0.85	-0.642	1
-0.593856	-0.700405	-0.0987758	0.85	-0.642	1
0.911649	-0.150924	-0.0212086	0.55	-0.929	1
0.847169	0.322496	0.183742	0.55	-0.929	1
-0.125437	-0.830666	0.387047	0.55	-0.929	1
-0.866574	0.306736	0.103023	0.55	-0.929	1
0.12186	-0.836627	0.375878	0.55	-0.929	1
-0.798189	0.435901	-0.170519	0.85	-0.642	1
0.837165	-0.106796	0.380607	0.85	-0.642	1
0.245063	0.438436	-0.778038	0.55	-0.929	1
-0.41049	0.830178	-0.00709287	0.55	-0.929	1
-0.0285464	-0.531223	0.758233	0.85	-0.642	1
0.061355	-0.773724	0.506139	0.55	-0.929	1
-0.550549	-0.162504	0.728768	0.55	-0.929	1
0.553688	0.74014	0.0804102	0.55	-0.929	1
0.756377	-0.533896	0.061224	0.76	-0.538	1
0.422879	-0.370127	0.738361	0.55	-0.929	1
-0.407954	-0.665733	0.502028	0.85	-0.642	1
-0.281599	-0.149691	0.871912	0.55	-0.929	1
-0.442627	0.177846	0.796948	0.55	-0.929	1
0.901507	0.112544	-0.193268	0.76	-0.538	1
-0.473941	0.23931	-0.762483	0.76	-0.538	1
-0.860065	0.0994562	-0.343126	0.775	-0.59	1
0.0213379	0.904936	0.222046	0.55	-0.929	1
0.615221	-0.357039	0.602619	0.85	-0.642	1
0.744317	-0.483669	0.286799	0.85	-0.642	1
-0.624828	-0.692867	-0.030459	0.55	-0.929	1
-0.397265	0.384783	-0.752067	0.85	-0.642	1
0.431033	0.825862	0.0803417	0.85	-0.642	1
-0.258302	-0.859993	0.262268	0.85	-0.642	1
-0.60941	0.214779	0.677993	0.775	-0.59	1
-0.185531	-0.645107	0.654833	0.76	-0.538	1
-0.16333	0.0584799	0.922001	0.76	-0.538	1
0.669902	0.0945912	0.650516	0.76	-0.538	1
-0.76523	-0.247883	-0.48394	0.76	-0.538	1
-0.33025	0.405271	-0.779888	0.55	-0.929	1
0.660857	0.354291	0.565205	0.55	-0.929	1
0.165029	-0.925569	-0.0186731	0.55	-0.929	1
-0.508408	-0.776122	0.153455	0.85	-0.642	1
0.803452	0.0627283	0.485446	0.55	-0.929	1
-0.863217	0.289058	-0.23767	0.85	-0.642	1
-0.120298	0.864302	0.354157	0.775	-0.59	1
0.651743	0.25137	0.632084	0.55	-0.929	1
-0.793256	0.0106512	-0.508813	0.85	-0.642	1
-0.742138	-0.111661	-0.570895	0.55	-0.929	1
-0.058285	-0.890966	0.303313	0.55	-0.929	1
0.104318	-0.439883	0.827783	0.55	-0.929	1
0.89164	-0.0681493	0.300572	0.85	-0.642	1
0.904385	-0.144209	0.229857	0.85	-0.642	1
-0.515329	0.443644	-0.655177	0.85	-0.642	1
-0.784485	0.0847239	-0.519503	0.55	-0.929	1
0.543409	-0.564868	0.528341	0.55	-0.929	1
0.916719	-0.0881578	-0.213551	0.55	-0.929	1
-0.281462	0.75823	-0.489901	0.76	-0.538	1
-0.7272	0.602821	0.0532753	0.55	-0.929	1
0.25404	0.745005	0.525737	0.55	-0.929	1
-0.210747	0.593845	-0.706363	0.9	-0.12	1
-0.000178106	0.854024	-0.408702	0.55	-0.929	1
-0.841564	0.42158	-0.110561	0.55	-0.929	1
-0.335389	0.0375121	0.886644	0.55	-0.929	1
-0.443106	-0.141811	0.827304	0.85	-0.642	1
0.677782	-0.628319	0.216496	0.55	-0.929	1
-0.0764434	-0.767351	0.553557	0.85	-0.642	1
0.500035	0.615909	-0.521695	0.85	-0.642	1
-0.3321	-0.847454	0.270971	0.55	-0.929	1
-0.554798	-0.764816	-0.101654	0.55	-0.929	1
-0.492648	0.724243	-0.370604	0.55	-0.929	1
0.923777	0.190454	0.124881	0.55	-0.929	1
0.480986	-0.810041	0.136461	0.55	-0.929	1
-0.748236	-0.0383423	-0.587203	0.85	-0.642	1
0.544506	-0.770366	0.12817	0.85	-0.642	1
0.389714	0.642633	0.585762	0.55	-0.929	1
-0.27043	-0.913372	0.0374467	0.55	-0.929	1
-0.921461	-0.237742	-0.0568399	0.85	-0.642	1
0.712797	0.460363	-0.434809	0.55	-0.929	1
-0.77729	0.335173	-0.439058	0.55	-0.929	1
-0.588716	-0.705613	0.256855	0.55	-0.929	1
0.296524	0.808046	0.411853	0.85	-0.642	1
-0.531569	0.503395	-0.612145	0.55	-0.929	1
-0.634763	-0.698349	0.142902	0.55	-0.929	1
-0.904262	0.251918	-0.174493	0.76	-0.538	1
-0.129548	-0.0937082	0.941736	0.775	-0.59	1
0.588703	0.351824	0.664906	0.55	-0.929	1
0.171676	0.770907	-0.537524	0.55	-0.929	1
-0.428922	-0.215815	0.82607	0.55	-0.929	1
0.0862971	-0.946469	0.103776	0.85	-0.642	1
0.343667	0.529982	-0.717875	0.85	-0.642	1
-0.737136	0.27131	-0.545678	0.85	-0.642	1
-0.941469	-0.111524	-0.127418	0.55	-0.929	1
-0.887611	-0.0388904	-0.355666	0.55	-0.929	1
-0.0047691	-0.951539	0.102063	0.775	-0.59	1
0.737465	0.0707455	0.606113	0.85	-0.642	1
0.825173	0.126728	-0.468728	0.55	-0.929	1
0.721088	-0.141331	0.613857	0.76	-0.538	1
-0.108032	-0.664088	0.682379	0.85	-0.642	1
-0.637847	0.715541	-0.0066817	0.55	-0.929	1
0.875469	-0.273922	-0.278852	0.55	-0.929	1
0.719855	0.471396	0.423022	0.775	-0.59	1
0.900342	-0.330658	0.0280591	0.85	-0.642	1
0.262194	0.923232	-0.000377711	0.55	-0.929	1
0.783169	-0.251104	0.494764	0.55	-0.929	1
0.232592	0.649553	-0.667717	0.775	-0.59	1
0.588292	0.557322	-0.515666	0.85	-0.642	1
0.586784	-0.514298	0.561163	0.85	-0.642	1
0.868342	-0.0467703	-0.409799	0.85	-0.642	1
0.919323	0.270282	-0.0795209	0.775	-0.59	1
0.804	-0.395069	0.349634	0.9	-0.12	1
0.254382	-0.567334	0.733771	0.55	-0.929	1
-0.553976	-0.0538967	0.786533	0.55	-0.929	1
0.167496	0.888148	-0.334287	0.85	-0.642	1
-0.483946	0.817913	-0.159829	0.55	-0.929	1
0.134742	0.890272	0.344564	0.55	-0.929	1
0.868617	-0.414256	0.0619091	0.85	-0.642	1
-0.0513643	-0.721167	0.638456	0.775	-0.59	1
0.199222	0.94372	-0.0179879	0.775	-0.59	1
0.172841	0.859095	-0.403631	0.55	-0.929	1
0.579452	-0.771668	-0.0145619	0.55	-0.929	1
-0.934549	-0.24062	0.0173698	0.55	-0.929	1
0.122134	0.754256	-0.591862	0.85	-0.642	1
0.79242	0.0426513	-0.552394	0.55	-0.929	1
0.911923	0.0468997	-0.31839	0.55	-0.929	1
-0.1684	0.485991	-0.819082	0.55	-0.929	1
-0.963328	0.0612209	-0.0608829	0.55	-0.929	1
-0.72535	-0.452697	0.452829	0.55	-0.929	1
0.653114	0.326676	0.634893	0.85	-0.642	1
0.708617	0.521622	-0.404317	0.775	-0.59	1
-0.591183	0.265829	0.719929	0.55	-0.929	1
0.375461	0.501066	0.739527	0.55	-0.929	1
-0.473736	-0.820525	0.203476	0.55	-0.929	1
-0.286601	-0.919128	0.110834	0.85	-0.642	1
-0.54123	-0.127695	0.794961	0.85	-0.642	1
-0.0293001	-0.476131	0.844777	0.85	-0.642	1
-0.188615	0.825176	0.474756	0.55	-0.929	1
-0.520126	-0.814495	0.0896606	0.55	-0.929	1
0.18819	0.922204	0.238354	0.55	-0.929	1
0.0490209	-0.433784	0.8678	0.775	-0.59	1
0.802081	0.460569	0.297352	0.55	-0.929	1
-0.653881	0.167156	0.699235	0.55	-0.929	1
-0.764682	0.599875	-0.00647625	0.775	-0.59	1
-0.306336	-0.701159	0.600152	0.55	-0.929	1
0.201894	-0.232123	0.922687	0.55	-0.929	1
0.489619	-0.772079	0.336067	0.85	-0.642	1
0.00640005	-0.823197	0.520803	0.85	-0.642	1
0.648934	0.583429	-0.43433	0.85	-0.642	1
-0.659157	-0.674709	-0.247675	0.76	-0.538	1
-0.602147	-0.743917	0.193335	0.85	-0.642	1
-0.306884	-0.428645	0.822096	0.85	-0.642	1
0.564514	-0.0567061	0.795646	0.85	-0.642	1
-0.236032	-0.433442	0.843817	0.55	-0.929	1
0.797011	-0.555823	0.107134	0.55	-0.929	1
-0.304691	0.874307	0.316675	0.55	-0.929	1
-0.486275	0.684568	-0.502989	0.85	-0.642	1
0.940359	0.256098	0.0918534	0.85	-0.642	1
0.529157	0.802084	-0.187169	0.55	-0.929	1
-0.173745	0.934401	0.237189	0.55	-0.929	1
0.453714	0.611455	-0.616325	0.85	-0.642	1
0.441174	0.236021	0.843338	0.55	-0.929	1
0.157012	-0.694238	0.674704	0.76	-0.538	1
-0.0615056	0.751378	-0.627905	0.55	-0.929	1
0.408558	-0.857732	0.247331	0.55	-0.929	1
-0.382053	0.856148	-0.291598	0.76	-0.538	1
0.869987	0.301118	-0.341756	0.85	-0.642	1
0.332429	-0.844918	0.374714	0.85	-0.642	1
-0.852801	0.312835	-0.374098	0.55	-0.929	1
0.413286	-0.563018	0.690944	0.55	-0.929	1
-0.960107	0.20546	0.0541662	0.85	-0.642	1
-0.361839	0.910555	-0.0865788	0.55	-0.929	1
-0.674712	0.713348	-0.0668442	0.775	-0.59	1
0.0209953	0.747677	0.640032	0.55	-0.929	1
-0.3604	-0.908027	0.12125	0.55	-0.929	1
-0.151612	-0.00819228	0.972777	0.85	-0.642	1
0.965096	-0.113031	0.159622	0.76	-0.538	1
-0.458387	-0.744054	0.45509	0.85	-0.642	1
-0.373967	-0.69458	0.591039	0.775	-0.59	1
0.274939	0.80462	0.499219	0.775	-0.59	1
-0.918583	0.355661	-0.0445059	0.55	-0.929	1
0.749388	0.536355	-0.35128	0.55	-0.929	1
-0.669436	-0.704653	-0.168874	0.85	-0.642	1
-0.00113741	-0.885963	0.43611	0.85	-0.642	1
-0.527731	-0.727334	0.410277	0.76	-0.538	1
-0.817855	0.553896	-0.0125745	0.55	-0.929	1
-0.889461	0.281109	-0.325653	0.775	-0.59	1
-0.792365	0.318111	-0.499083	0.76	-0.538	1
0.0107855	-0.73261	0.664974	0.55	-0.929	1
0.0915048	-0.90234	0.396915	0.85	-0.642	1
0.91898	0.330925	0.162569	0.85	-0.642	1
-0.939345	0.302214	0.0839735	0.85	-0.642	1
0.00153496	0.918778	-0.372317	0.85	-0.642	1
0.247667	-0.0869246	0.955988	0.55	-0.929	1
0.97325	-0.160175	0.115494	0.55	-0.929	1
0.544574	0.0612209	0.828194	0.9	-0.12	1
0.935563	-0.203687	0.26405	0.55	-0.929	1
0.374708	-0.625853	0.675252	0.85	-0.642	1
-0.641958	-0.60002	0.465711	0.55	-0.929	1
-0.744468	0.655241	-0.0754782	0.85	-0.642	1
0.399239	0.567532	0.713077	0.85	-0.642	1
-0.0741137	-0.623591	0.771938	0.85	-0.642	1
0.633585	-0.0613657	0.765839	0.55	-0.929	1
0.798176	-0.131327	0.58124	0.85	-0.642	1
0.93104	-0.0081238	-0.354501	0.775	-0.59	1
0.881636	-0.164355	0.436932	0.775	-0.59	1
0.66997	0.707386	-0.215058	0.55	-0.929	1
-0.491552	-0.415009	0.763304	0.85	-0.642	1
0.832779	0.520321	-0.18066	0.85	-0.642	1
-0.97806	0.164895	0.115083	0.55	-0.929	1
-0.517385	0.736097	-0.43337	0.775	-0.59	1
0.568215	0.766178	0.296393	0.55	-0.929	1
0.473928	-0.380817	0.792769	0.85	-0.642	1
0.142074	0.945159	0.293378	0.85	-0.642	1
-0.641136	-0.487849	0.592409	0.55	-0.929	1
0.0480616	-0.0824705	0.195528	0.775	-0.59	-1
0.101852	-0.0689717	0.268435	0.85	-0.642	-1
0.0410723	-0.0507448	0.0360078	0.76	-0.538	-1
0.0611494	-0.114813	0.367656	0	0	-1
0.0836932	-0.0444405	0.120427	0.85	-0.642	-1
0.161466	0.00270279	0.113917	0.775	-0.59	-1
0.211556	0.0157219	0.189429	0.85	-0.642	-1
0.182914	-0.0209375	0.271039	0.85	-0.642	-1
0.293851	0.0675249	0.187716	0.775	-0.59	-1
0.235402	-0.00956276	0.357857	0.85	-0.642	-1
0.311393	0.112544	0.100624	0.85	-0.642	-1
0.262674	0.19943	0.0780119	0.85	-0.642	-1
0.160164	0.329897	0.067391	0.85	-0.642	-1
0.222862	0.334419	0.00297987	0.775	-0.59	-1
0.280901	0.261032	0.00873572	0.85	-0.642	-1
0.355521	0.253906	-0.0594439	0.85	-0.642	-1
0.0864341	0.397323	0.0829454	0.85	-0.642	-1
-0.0375913	-0.107892	0.0404616	0.85	-0.642	-1
-0.0840494	-0.09734	-0.0520434	0.85	-0.642	-1
-0.106936	-0.191764	-0.0882232	0.85	-0.642	-1
-0.188477	-0.190462	-0.150305	0.85	-0.642	-1
-0.177171	-0.225751	-0.237396	0.85	-0.642	-1
-0.25097	-0.22623	-0.295983	0.85	-0.642	-1
-0.333197	-0.191969	-0.264737	0.85	-0.642	-1
-0.339912	-0.158051	-0.176137	0.85	-0.642	-1
-0.2681	-0.156612	-0.118716	0.775	-0.59	-1
-0.407201	-0.193751	-0.322707	0.85	-0.642	-1
-0.490044	-0.159078	-0.293037	0.85	-0.642	-1
-0.497582	-0.122419	-0.206561	0.85	-0.642	-1
-0.423166	-0.123104	-0.14866	0.85	-0.642	-1
0.168729	0.236844	0.138106	0.9	-0.12	-1
0.294057	0.0630023	0.0464917	0.55	-0.929	-1
0.385191	0.12755	0.0982259	0.55	-0.929	-1
0.35278	0.313177	-0.105971	0.55	-0.929	-1
0.347299	0.190385	-0.0991867	0.55	-0.929	-1
0.421988	0.252878	-0.0239493	0.55	-0.929	-1
0.0912992	0.452141	0.0314852	0.55	-0.929	-1
0.0935604	0.426856	0.151879	0.55	-0.929	-1
0.0194878	0.363199	0.0770526	0.55	-0.929	-1
-0.0375913	-0.062325	-0.100009	0.55	-0.929	-1
-0.147296	-0.0570488	-0.0443004	0.55	-0.929	-1
-0.11139	-0.252543	-0.259118	0.55	-0.929	-1
0.337226	0.0727326	0.243151	0.55	-0.929	-1
0.29762	0.0308654	0.344495	0.55	-0.929	-1
0.254725	-0.0773312	0.384581	0.55	-0.929	-1
0.192644	0.0262058	0.408564	0.55	-0.929	-1
-0.0175828	-0.179635	0.0519733	0.55	-0.929	-1
-0.0835013	-0.0854169	0.0958276	0.55	-0.929	-1
-0.121463	-0.237263	-0.0299108	0.55	-0.929	-1
-0.0476641	-0.218145	-0.126527	0.55	-0.929	-1
-0.244597	-0.252885	-0.364985	0.55	-0.929	-1
-0.400691	-0.222051	-0.391092	0.55	-0.929	-1
-0.549179	-0.160723	-0.337919	0.55	-0.929	-1
-0.561993	-0.0930229	-0.184086	0.55	-0.929	-1
-0.430224	-0.0955584	-0.0800006	0.55	-0.929	-1
